# Blender v2.76 (sub 0) OBJ File: ''
# www.blender.org
mtllib Trash.mtl
o Cylinder.001_Cylinder.004
v 2.720502 -0.065671 0.977125
v 2.955127 -0.148821 0.596359
v 2.840688 -0.150949 1.069805
v 3.075313 -0.234098 0.689039
v 2.988122 -0.106316 1.150906
v 3.222747 -0.189466 0.770141
v 3.076441 0.042081 1.172921
v 3.311066 -0.041069 0.792155
v 3.053907 0.207313 1.122953
v 3.288532 0.124163 0.742188
v 2.933721 0.292591 1.030273
v 3.168346 0.209441 0.649508
v 2.786287 0.247959 0.949172
v 3.020912 0.164809 0.568406
v 2.697969 0.099562 0.927157
v 2.932593 0.016412 0.546391
v 2.708903 0.003766 1.110671
v 2.788943 -0.053027 1.172394
v 3.158133 -0.183866 0.573246
v 3.078093 -0.127073 0.511524
v 2.887130 -0.023303 1.226405
v 3.256320 -0.154142 0.627257
v 2.945948 0.075525 1.241066
v 3.315138 -0.055314 0.641918
v 2.930941 0.185566 1.207789
v 3.300131 0.054727 0.608641
v 2.850901 0.242358 1.146067
v 3.220091 0.111519 0.546919
v 2.752714 0.212634 1.092055
v 3.121904 0.081795 0.492908
v 2.693896 0.113806 1.077394
v 3.063086 -0.017033 0.478246
v 2.643311 0.116715 0.847807
v 2.643311 0.133194 0.847807
v 2.415133 0.116715 0.951288
v 2.415133 0.133195 0.951289
v 2.007589 0.116715 -0.553968
v 2.007589 0.133194 -0.553968
v 1.779412 0.116715 -0.450487
v 1.779412 0.133195 -0.450487
v 2.531237 0.133194 0.802888
v 2.535001 0.133195 1.013393
v 2.535001 0.116715 1.013393
v 2.531237 0.116715 0.802888
v 2.584391 -0.865323 -1.585119
v 0.343505 0.708013 0.305120
v 2.597382 -0.826204 -1.602279
v 0.356496 0.747132 0.287960
v 2.628021 -0.795589 -1.591438
v 0.387135 0.777747 0.298801
v 2.658360 -0.791412 -1.558948
v 0.417474 0.781924 0.331291
v 2.670627 -0.816119 -1.523840
v 0.429741 0.757216 0.366399
v 2.657636 -0.855239 -1.506680
v 0.416750 0.718097 0.383559
v 2.626997 -0.885854 -1.517520
v 0.386111 0.687482 0.372719
v 2.596658 -0.890031 -1.550010
v 0.355772 0.683305 0.340228
v 1.520920 -0.192130 1.535355
v 1.341332 -0.027499 0.319129
v -0.097481 0.118663 1.816398
v -0.277069 0.283294 0.600171
v 0.335169 0.132057 1.754326
v 1.098434 -0.157157 1.602473
v 0.918846 0.007474 0.386247
v 0.155581 0.296687 0.538099
v 2.410669 -0.161488 1.872356
v 2.022200 -0.290691 1.457464
v 2.531848 -0.047854 1.723507
v 2.143379 -0.177056 1.308615
v 2.537009 0.163639 1.652814
v 2.148540 0.034437 1.237922
v 2.423128 0.349100 1.701688
v 2.034659 0.219898 1.286796
v 2.256916 0.399889 1.841499
v 1.868446 0.270687 1.426607
v 2.135736 0.286254 1.990348
v 1.747267 0.157052 1.575456
v 2.130575 0.074762 2.061041
v 1.742106 -0.054440 1.646149
v 2.244456 -0.110699 2.012167
v 1.855987 -0.239902 1.597275
v -0.901752 0.302839 -3.497794
v 0.638806 -0.878023 -3.979713
v 0.583380 -1.694999 -2.155027
v -0.957178 -0.514137 -1.673109
v 0.372458 1.695001 -2.835770
v 1.913016 0.514138 -3.317687
v 1.857589 -0.302837 -1.493001
v 0.317032 0.878025 -1.011084
v 7.269457 -0.357194 -1.583614
v 7.521434 -0.081219 -1.843018
v 7.403612 -0.377095 -1.474469
v 7.655591 -0.101120 -1.733874
v 7.459680 -0.294325 -1.331950
v 7.711658 -0.018350 -1.591354
v 7.404816 -0.157369 -1.239540
v 7.656793 0.118605 -1.498945
v 7.271157 -0.046455 -1.251373
v 7.523135 0.229519 -1.510777
v 7.137001 -0.026555 -1.360517
v 7.388977 0.249420 -1.619922
v 7.080933 -0.109325 -1.503037
v 7.332911 0.166649 -1.762441
v 7.135798 -0.246281 -1.595447
v 7.387775 0.029694 -1.854851
v 7.197481 -0.384437 -1.453736
v 7.286825 -0.397690 -1.381050
v 7.683321 0.036566 -1.789231
v 7.593977 0.049819 -1.861917
v 7.324165 -0.342567 -1.286135
v 7.720660 0.091688 -1.694317
v 7.287627 -0.251359 -1.224593
v 7.684122 0.182897 -1.632774
v 7.198614 -0.177493 -1.232473
v 7.595110 0.256761 -1.640655
v 7.109269 -0.164240 -1.305161
v 7.505765 0.270015 -1.713341
v 7.071930 -0.219363 -1.400075
v 7.468426 0.214892 -1.808256
v 7.108469 -0.310571 -1.461617
v 7.504964 0.123684 -1.869798
v 7.392208 0.038762 -0.269330
v 7.379891 0.048909 -0.265216
v 7.232464 -0.154241 -0.271557
v 7.220147 -0.144094 -0.267444
v 7.104684 0.293939 -1.759743
v 7.092367 0.304085 -1.755630
v 6.944939 0.100936 -1.761970
v 6.932623 0.111083 -1.757857
v 7.310355 -0.000969 -0.350393
v 7.293209 -0.097344 -0.163996
v 7.305526 -0.107491 -0.168109
v 7.322671 -0.011116 -0.354507
v 7.883238 0.493156 -0.281338
v 5.057059 -0.843571 0.857009
v 7.864145 0.533518 -0.281343
v 5.037967 -0.803210 0.857003
v 7.860409 0.566678 -0.251680
v 5.034229 -0.770048 0.886666
v 7.874216 0.573215 -0.209725
v 5.048038 -0.763512 0.928621
v 7.897479 0.549298 -0.180056
v 5.071301 -0.787430 0.958291
v 7.916571 0.508935 -0.180051
v 5.090392 -0.827792 0.958295
v 7.920308 0.475774 -0.209713
v 5.094130 -0.860953 0.928632
v 7.906501 0.469239 -0.251668
v 5.080322 -0.867489 0.886678
v 9.028685 -0.074878 1.430216
v 9.298431 0.067132 0.227872
v 7.401969 -0.162746 1.054885
v 7.671716 -0.020736 -0.147460
v 7.809953 -0.045820 1.160226
v 8.616895 -0.142521 1.329842
v 8.886641 -0.000511 0.127497
v 8.079699 0.096191 -0.042119
v 8.738505 -0.104460 -0.724558
v 8.618201 -0.235298 -1.279666
v 8.747165 0.112055 -0.777467
v 8.626861 -0.018783 -1.332575
v 8.599082 0.278708 -0.784654
v 8.478777 0.147870 -1.339762
v 8.381002 0.297876 -0.741910
v 8.260697 0.167037 -1.297017
v 8.220673 0.158330 -0.674271
v 8.100368 0.027491 -1.229380
v 8.212014 -0.058185 -0.621362
v 8.091710 -0.189024 -1.176470
v 8.360096 -0.224838 -0.614175
v 8.239793 -0.355677 -1.169283
v 8.578176 -0.244006 -0.656920
v 8.457872 -0.374844 -1.212028
v 3.973882 -0.309789 0.544412
v 5.914769 0.164519 0.455043
v 6.318824 -1.229646 1.830924
v 4.377935 -1.703953 1.920293
v 3.709884 1.043481 1.993192
v 5.650772 1.517787 1.903824
v 6.054825 0.123624 3.279705
v 4.113937 -0.350684 3.369074
v 4.161920 -0.023302 4.783458
v 4.526856 -0.154230 5.021416
v 4.066194 -0.144725 4.863455
v 4.431130 -0.275652 5.101414
v 3.969875 -0.149798 5.008379
v 4.334812 -0.280726 5.246339
v 3.929384 -0.035550 5.133338
v 4.294321 -0.166478 5.371296
v 3.968441 0.131094 5.165129
v 4.333377 0.000166 5.403088
v 4.064166 0.252516 5.085132
v 4.429103 0.121589 5.323090
v 4.160485 0.257590 4.940207
v 4.525422 0.126662 5.178165
v 4.200976 0.143342 4.815249
v 4.565913 0.012415 5.053207
v 4.024953 0.040030 4.778964
v 3.961203 -0.040834 4.832239
v 4.535444 -0.246853 5.206675
v 4.599195 -0.165989 5.153399
v 3.897058 -0.044213 4.928756
v 4.471298 -0.250232 5.303191
v 3.870092 0.031873 5.011973
v 4.444333 -0.174146 5.386410
v 3.896102 0.142853 5.033146
v 4.470343 -0.063166 5.407581
v 3.959853 0.223717 4.979870
v 4.534093 0.017698 5.354306
v 4.023998 0.227096 4.883354
v 4.598239 0.021077 5.257790
v 4.050964 0.151010 4.800136
v 4.625205 -0.055009 5.174572
v 4.524708 -0.039734 5.733380
v 4.523463 -0.024019 5.738178
v 4.441024 0.023131 5.505744
v 4.439779 0.038848 5.510542
v 5.970840 0.215584 5.272262
v 5.969595 0.231300 5.277060
v 5.887156 0.278450 5.044625
v 5.885912 0.294167 5.049424
v 4.577495 0.011401 5.636176
v 4.368019 0.000298 5.618196
v 4.369264 -0.015418 5.613399
v 4.578739 -0.004315 5.631378
v 6.783806 -1.142277 7.343392
v 4.974727 0.934139 5.476389
v 6.796812 -1.108014 7.368896
v 4.987734 0.968401 5.501894
v 6.781158 -1.088431 7.405842
v 4.972080 0.987984 5.538840
v 6.746016 -1.095000 7.432588
v 4.936937 0.981415 5.565587
v 6.711969 -1.123873 7.433467
v 4.902891 0.952542 5.566465
v 6.698963 -1.158135 7.407964
v 4.889885 0.918279 5.540961
v 6.714617 -1.177718 7.371017
v 4.905539 0.898697 5.504015
v 6.749759 -1.171149 7.344271
v 4.940681 0.905266 5.477268
v 6.087712 -0.509308 5.449288
v 7.298792 -0.241267 5.450964
v 5.920715 0.254470 3.971602
v 7.131795 0.522509 3.973278
v 5.945095 0.141679 4.393387
v 6.053812 -0.353649 5.050737
v 7.264892 -0.085609 5.052412
v 7.156174 0.409719 4.395063
v 4.827899 -0.283395 4.417512
v 5.282478 -0.271548 4.052883
v 4.957049 -0.203955 4.581105
v 5.411630 -0.192108 4.216476
v 5.010882 -0.000436 4.654830
v 5.465462 0.011411 4.290201
v 4.957862 0.207944 4.595500
v 5.412442 0.219790 4.230871
v 4.829047 0.299118 4.437871
v 5.283627 0.310965 4.073242
v 4.699896 0.219678 4.274278
v 5.154475 0.231526 3.909649
v 4.646063 0.016160 4.200552
v 5.100642 0.028007 3.835923
v 4.699083 -0.192220 4.259882
v 5.153663 -0.180373 3.895253
v 8.089605 0.705348 7.143594
v 8.528448 -0.855555 8.314489
v 6.781785 -1.704788 7.837026
v 6.342943 -0.143885 6.666130
v 7.219787 1.623162 8.693120
v 7.658628 0.062258 9.864017
v 5.911965 -0.786974 9.386552
v 5.473124 0.773930 8.215656
v 0.102299 -0.345021 7.596507
v 0.318066 -0.144366 7.943100
v -0.015896 -0.409026 7.707140
v 0.199872 -0.208370 8.053735
v -0.168459 -0.353502 7.769973
v 0.047308 -0.152847 8.116567
v -0.266023 -0.210975 7.748197
v -0.050256 -0.010321 8.094790
v -0.251434 -0.064937 7.654569
v -0.035667 0.135718 8.001163
v -0.133240 -0.000934 7.543934
v 0.082528 0.199722 7.890528
v 0.019323 -0.056456 7.481102
v 0.235091 0.144199 7.827695
v 0.116887 -0.198982 7.502878
v 0.332654 0.001673 7.849471
v -0.018655 -0.355784 7.506812
v -0.097369 -0.398409 7.580491
v 0.242148 -0.082671 8.125869
v 0.320862 -0.040047 8.052190
v -0.198972 -0.361432 7.622335
v 0.140545 -0.045695 8.167713
v -0.263947 -0.266514 7.607834
v 0.075570 0.049224 8.153211
v -0.254231 -0.169256 7.545480
v 0.085287 0.146481 8.090857
v -0.175516 -0.126631 7.471800
v 0.164001 0.189107 8.017177
v -0.073914 -0.163609 7.429955
v 0.265604 0.152129 7.975333
v -0.008940 -0.258527 7.444458
v 0.330578 0.057211 7.989835
v -0.341581 -0.079594 7.126788
v -0.345401 -0.066454 7.117606
v -0.311391 -0.216105 6.918877
v -0.315212 -0.202966 6.909696
v 1.144146 0.319865 7.080240
v 1.140325 0.333005 7.071059
v 1.174335 0.183354 6.872331
v 1.170514 0.196494 6.863149
v -0.251170 -0.089328 7.045667
v -0.427658 -0.184989 6.982206
v -0.423837 -0.198129 6.991389
v -0.247348 -0.102468 7.054848
v 1.268963 0.034481 7.441211
v 0.475883 -0.454890 4.247231
v 1.267520 0.078645 7.434802
v 0.474441 -0.410728 4.240824
v 1.235855 0.109972 7.437864
v 0.442775 -0.379398 4.243885
v 1.192517 0.110115 7.448604
v 0.399437 -0.379256 4.254625
v 1.162893 0.078988 7.460730
v 0.369813 -0.410383 4.266749
v 1.164336 0.034824 7.467137
v 0.371257 -0.454547 4.273158
v 1.196001 0.003496 7.464075
v 0.402921 -0.485875 4.270096
v 1.239338 0.003354 7.453335
v 0.446259 -0.486017 4.259356
v -1.904759 -0.352922 6.233209
v -0.743448 -0.240578 6.654273
v -1.388765 0.064260 4.698767
v -0.227453 0.176604 5.119833
v -1.536481 0.049593 5.110087
v -1.765382 -0.290359 5.832107
v -0.604070 -0.178014 6.253172
v -0.375169 0.161938 5.531152
v -1.299473 -0.248963 7.559349
v -0.727940 -0.311678 7.463678
v -1.263983 -0.042537 7.636044
v -0.692450 -0.105253 7.540372
v -1.257013 0.160724 7.544447
v -0.685478 0.098009 7.448775
v -1.282643 0.241751 7.338218
v -0.711109 0.179037 7.242546
v -1.325861 0.153081 7.138159
v -0.754327 0.090366 7.042488
v -1.361351 -0.053345 7.061465
v -0.789817 -0.116060 6.965794
v -1.368322 -0.256605 7.153061
v -0.796788 -0.319321 7.057390
v -1.342691 -0.337635 7.359292
v -0.771158 -0.400349 7.263620
v 3.632216 0.033353 3.270057
v 3.522412 -0.086559 5.263436
v 2.226752 -1.601439 5.100939
v 2.336556 -1.481526 3.107558
v 2.112608 1.333646 3.264571
v 2.002804 1.213731 5.257951
v 0.707144 -0.301147 5.095451
v 0.816948 -0.181234 3.102072
v 13.138954 0.152860 1.778514
v 12.984429 0.021933 2.185852
v 13.040359 0.031437 1.702082
v 12.885833 -0.099490 2.109422
v 12.878205 0.026365 1.638939
v 12.723680 -0.104563 2.046277
v 12.747483 0.140612 1.626070
v 12.592957 0.009684 2.033409
v 12.724767 0.307257 1.671016
v 12.570241 0.176329 2.078355
v 12.823362 0.428678 1.747447
v 12.668838 0.297751 2.154786
v 12.985516 0.433752 1.810590
v 12.830991 0.302824 2.217929
v 13.116239 0.319504 1.823459
v 12.961712 0.188577 2.230797
v 13.114091 0.216193 1.643748
v 13.048429 0.135329 1.592847
v 12.805278 -0.070690 2.233809
v 12.870942 0.010174 2.284710
v 12.940440 0.131948 1.550795
v 12.697289 -0.074069 2.191757
v 12.853383 0.208035 1.542225
v 12.610232 0.002016 2.183188
v 12.838254 0.319015 1.572158
v 12.595103 0.112997 2.213120
v 12.903916 0.399880 1.623059
v 12.660765 0.193860 2.264020
v 13.011906 0.403258 1.665110
v 12.768754 0.197240 2.306071
v 13.098964 0.327173 1.673681
v 12.855811 0.121154 2.314642
v 12.288434 0.136428 2.335814
v 12.283481 0.152144 2.335622
v 12.492945 0.199294 2.205442
v 12.487990 0.215010 2.205251
v 13.047773 0.391746 3.650092
v 13.042821 0.407462 3.649902
v 13.252284 0.454613 3.519722
v 13.247331 0.470329 3.519531
v 12.394670 0.187564 2.366621
v 12.367494 0.176460 2.158139
v 12.372447 0.160745 2.158330
v 12.399621 0.171848 2.366813
v 11.198063 -0.966114 4.886648
v 12.635608 1.110301 2.720561
v 11.175926 -0.931852 4.904801
v 12.613470 1.144563 2.738715
v 11.136489 -0.912269 4.897399
v 12.574034 1.164147 2.731314
v 11.102855 -0.918838 4.868780
v 12.540399 1.157578 2.702693
v 11.094724 -0.947709 4.835706
v 12.532269 1.128705 2.669621
v 11.116861 -0.981973 4.817554
v 12.554406 1.094442 2.651469
v 11.156299 -1.001555 4.824954
v 12.593843 1.074859 2.658868
v 11.189934 -0.994987 4.853574
v 12.627479 1.081429 2.687489
v 12.899793 -0.333146 3.802078
v 13.156816 -0.065105 4.985571
v 14.307715 0.430632 3.323334
v 14.564738 0.698672 4.506826
v 13.900870 0.317841 3.437235
v 13.281907 -0.177486 3.683838
v 13.538930 0.090554 4.867332
v 14.157891 0.585881 4.620727
v 13.638694 -0.107232 2.350968
v 14.091997 -0.095385 2.717182
v 13.506460 -0.027793 2.512079
v 13.959764 -0.015946 2.878293
v 13.445933 0.175726 2.580416
v 13.899237 0.187572 2.946630
v 13.492570 0.384106 2.515947
v 13.945873 0.395953 2.882163
v 13.619052 0.475280 2.356439
v 14.072353 0.487128 2.722651
v 13.751286 0.395841 2.195327
v 14.204589 0.407688 2.561542
v 13.811812 0.192323 2.126991
v 14.265117 0.204170 2.493205
v 13.765175 -0.016058 2.191459
v 14.218478 -0.004211 2.557673
v 11.672141 0.881510 6.119646
v 10.621990 -0.679393 6.798439
v 10.715388 -1.528625 4.990103
v 11.765540 0.032278 4.311309
v 9.972595 1.799325 5.600840
v 8.922442 0.238420 6.279633
v 9.015841 -0.610812 4.471297
v 10.065993 0.950092 3.792505
v 9.523769 -0.168858 -1.586632
v 9.231256 0.031797 -1.301818
v 9.390445 -0.232863 -1.678470
v 9.097931 -0.032207 -1.393656
v 9.296477 -0.177339 -1.814094
v 9.003964 0.023316 -1.529280
v 9.296914 -0.034813 -1.914058
v 9.004402 0.165842 -1.629244
v 9.391498 0.111226 -1.919802
v 9.098984 0.311880 -1.634989
v 9.524823 0.175229 -1.827964
v 9.232310 0.375885 -1.543150
v 9.618790 0.119707 -1.692341
v 9.326278 0.320361 -1.407527
v 9.618354 -0.022819 -1.592377
v 9.325840 0.177835 -1.307564
v 9.585561 -0.179622 -1.723952
v 9.496771 -0.222246 -1.785113
v 9.036490 0.093492 -1.336949
v 9.125281 0.136116 -1.275788
v 9.434192 -0.185270 -1.875434
v 8.973911 0.130468 -1.427271
v 9.434482 -0.090351 -1.942007
v 8.974202 0.225387 -1.493844
v 9.497473 0.006906 -1.945833
v 9.037192 0.322643 -1.497669
v 9.586264 0.049532 -1.884671
v 9.125984 0.365269 -1.436508
v 9.648843 0.012554 -1.794351
v 9.188562 0.328292 -1.346186
v 9.648551 -0.082365 -1.727779
v 9.188272 0.233374 -1.279614
v 9.887847 0.096569 -2.120590
v 9.896001 0.109709 -2.126284
v 10.097408 -0.039942 -2.135503
v 10.105562 -0.026803 -2.141196
v 10.250639 0.496028 -0.679087
v 10.258792 0.509168 -0.684780
v 10.460198 0.359517 -0.693999
v 10.468353 0.372657 -0.699693
v 9.986406 0.086835 -2.049592
v 10.010709 -0.008826 -2.235562
v 10.002553 -0.021966 -2.229868
v 9.978253 0.073695 -2.043897
v 9.924656 0.210644 -0.480055
v 12.875553 -0.278728 -1.936998
v 9.930608 0.254808 -0.482833
v 12.881505 -0.234564 -1.939775
v 9.920854 0.286135 -0.513113
v 12.871751 -0.203236 -1.970056
v 9.901106 0.286278 -0.553158
v 12.852002 -0.203093 -2.010100
v 9.882933 0.255150 -0.579509
v 12.833831 -0.234220 -2.036451
v 9.876982 0.210987 -0.576731
v 12.827880 -0.278384 -2.033673
v 9.886736 0.179659 -0.546450
v 12.837632 -0.309712 -2.003393
v 9.906484 0.179516 -0.506406
v 12.857381 -0.309854 -1.963349
v 10.426949 -0.176759 -3.838550
v 10.263629 -0.064415 -2.614104
v 12.036189 0.240423 -3.662183
v 11.872869 0.352767 -2.437738
v 11.602811 0.225756 -3.718642
v 10.848563 -0.114196 -3.788054
v 10.685244 -0.001851 -2.563608
v 11.439492 0.338101 -2.494196
v 9.260682 -0.072800 -2.963995
v 9.476213 -0.135515 -2.426083
v 9.193337 0.133626 -2.912944
v 9.408869 0.070910 -2.375032
v 9.284309 0.336887 -2.925698
v 9.499840 0.274172 -2.387784
v 9.480307 0.417914 -2.994782
v 9.695837 0.355199 -2.456869
v 9.666518 0.329244 -3.079731
v 9.882049 0.266529 -2.541818
v 9.733862 0.122817 -3.130782
v 9.949393 0.060103 -2.592869
v 9.642891 -0.080442 -3.118030
v 9.858421 -0.143158 -2.580117
v 9.446894 -0.161472 -3.048944
v 9.662424 -0.224186 -2.511031
v 14.504302 0.209516 0.937804
v 12.533465 0.089603 1.256275
v 12.415490 -1.425277 -0.044195
v 14.386327 -1.305363 -0.362667
v 14.185107 1.509809 -0.547912
v 12.214271 1.389894 -0.229442
v 12.096297 -0.124984 -1.529912
v 14.067133 -0.005071 -1.848383
v 9.192275 0.136428 2.213019
v 9.189851 0.152144 2.208695
v 9.410262 0.199294 2.319335
v 9.407838 0.215009 2.315011
v 8.468048 0.391746 3.546968
v 8.465624 0.407462 3.542645
v 8.686033 0.454613 3.653285
v 8.683609 0.470328 3.648962
v 9.221486 0.187564 2.319705
v 9.385083 0.176461 2.187649
v 9.387506 0.160745 2.191972
v 9.223908 0.171847 2.324029
v 10.684577 0.254313 1.861609
v 10.932728 -0.119753 1.787853
v 10.687429 0.222465 2.032734
v 10.935579 -0.151603 1.958979
v 10.792597 0.266278 2.164364
v 11.040748 -0.107790 2.090610
v 10.938475 0.360088 2.179393
v 11.186625 -0.013980 2.105638
v 11.039609 0.448943 2.069014
v 11.287761 0.074875 1.995260
v 11.036757 0.480791 1.897890
v 11.284907 0.106723 1.824134
v 10.931589 0.436979 1.766259
v 11.179740 0.062910 1.692504
v 10.785710 0.343168 1.751231
v 11.033862 -0.030899 1.677476
v 10.672711 0.394090 1.917399
v 10.674610 0.372880 2.031363
v 11.065084 -0.215728 1.915308
v 11.063184 -0.194518 1.801342
v 10.744649 0.402057 2.119026
v 11.135123 -0.186550 2.002970
v 10.841800 0.464532 2.129035
v 11.232273 -0.124076 2.012977
v 10.909152 0.523707 2.055526
v 11.299626 -0.064901 1.939469
v 10.907252 0.544918 1.941561
v 11.297727 -0.043691 1.825506
v 10.837213 0.515739 1.853900
v 11.227687 -0.072867 1.737843
v 10.740064 0.453264 1.843890
v 11.130538 -0.135343 1.727835
v 7.960790 -0.107232 2.337873
v 7.554679 -0.095385 2.755809
v 7.812438 -0.027793 2.191468
v 7.406327 -0.015946 2.609404
v 7.749920 0.175727 2.124948
v 7.343809 0.187572 2.542885
v 7.809855 0.384106 2.177282
v 7.403745 0.395953 2.595219
v 7.957137 0.475280 2.317812
v 7.551028 0.487128 2.735748
v 8.105490 0.395841 2.464217
v 7.699378 0.407688 2.882153
v 8.168008 0.192322 2.530736
v 7.761897 0.204169 2.948674
v 8.108072 -0.016058 2.478402
v 7.701962 -0.004211 2.896339
v 2.868003 0.029245 -1.498506
v 3.322915 0.029246 -1.498506
v 2.868003 -0.131590 -1.431885
v 3.322915 -0.131590 -1.431885
v 2.868003 -0.198211 -1.271050
v 3.322915 -0.198211 -1.271050
v 2.868002 -0.131590 -1.110214
v 3.322915 -0.131590 -1.110214
v 2.868002 0.029245 -1.043594
v 3.322915 0.029246 -1.043594
v 2.868002 0.190081 -1.110214
v 3.322915 0.190081 -1.110214
v 2.868002 0.256701 -1.271049
v 3.322915 0.256702 -1.271050
v 2.868002 0.190081 -1.431885
v 3.322915 0.190081 -1.431885
v 2.737549 0.029245 -1.422529
v 2.737549 -0.077867 -1.378162
v 3.453369 -0.077867 -1.378162
v 3.453369 0.029246 -1.422529
v 2.737549 -0.122234 -1.271049
v 3.453369 -0.122234 -1.271050
v 2.737549 -0.077867 -1.163937
v 3.453369 -0.077867 -1.163938
v 2.737549 0.029245 -1.119570
v 3.453369 0.029245 -1.119570
v 2.737549 0.136358 -1.163938
v 3.453369 0.136358 -1.163938
v 2.737549 0.180725 -1.271050
v 3.453369 0.180725 -1.271049
v 2.737549 0.136357 -1.378162
v 3.453368 0.136358 -1.378161
v 3.000272 0.116715 -2.032016
v 3.000272 0.133194 -2.032016
v 3.094215 0.116715 -2.264283
v 3.094215 0.133194 -2.264283
v 4.427171 0.116715 -1.454889
v 4.427172 0.133194 -1.454889
v 4.521114 0.116715 -1.687156
v 4.521114 0.133194 -1.687156
v 3.112423 0.133194 -2.076743
v 2.964572 0.133194 -2.226631
v 2.964572 0.116715 -2.226631
v 3.112423 0.116715 -2.076743
v 5.830445 -0.912535 -2.111827
v 3.346086 0.786358 -3.530161
v 5.845153 -0.875001 -2.092632
v 3.360794 0.823892 -3.510967
v 5.837309 -0.854162 -2.053931
v 3.352950 0.844731 -3.472266
v 5.811508 -0.862225 -2.018395
v 3.327148 0.836668 -3.436730
v 5.782864 -0.894466 -2.006840
v 3.298504 0.804427 -3.425175
v 5.768155 -0.932000 -2.026035
v 3.283796 0.766894 -3.444370
v 5.775999 -0.952839 -2.064736
v 3.291640 0.746055 -3.483071
v 5.801800 -0.944776 -2.100271
v 3.317441 0.754117 -3.518606
v 2.265476 0.045144 -2.814370
v 3.505863 0.045144 -2.814370
v 2.265476 0.045144 -4.486135
v 3.505863 0.045144 -4.486135
v 2.265476 0.140397 -4.059351
v 2.265476 -0.000431 -3.241155
v 3.505863 -0.000431 -3.241155
v 3.505863 0.140398 -4.059351
v 2.378131 -0.349976 -2.105481
v 2.401426 0.041532 -2.536660
v 2.550613 -0.250029 -2.005411
v 2.573907 0.141479 -2.436590
v 2.572766 -0.086305 -1.855554
v 2.596061 0.305203 -2.286734
v 2.431613 0.045288 -1.743695
v 2.454908 0.436796 -2.174874
v 2.209841 0.067665 -1.735358
v 2.233136 0.459173 -2.166538
v 2.037359 -0.032282 -1.835428
v 2.060654 0.359226 -2.266607
v 2.015206 -0.196006 -1.985284
v 2.038501 0.195502 -2.416464
v 2.156358 -0.327599 -2.097144
v 2.179653 0.063909 -2.528324
v 7.753850 -1.139846 -3.752247
v 6.735136 -0.486631 -2.159912
v 5.018818 -0.734193 -3.156390
v 6.037533 -1.387407 -4.748724
v 7.882207 0.734194 -4.438907
v 6.863491 1.387408 -2.846571
v 5.147175 1.139846 -3.843049
v 6.165889 0.486632 -5.435383
vt 0.103094 0.573388
vt 0.102009 0.676384
vt 0.058775 0.681317
vt 0.061123 0.569544
vt 0.009876 0.691261
vt 0.011857 0.558613
vt 0.353521 0.554764
vt 0.351540 0.687412
vt 0.302274 0.676481
vt 0.304621 0.564708
vt 0.260303 0.672637
vt 0.261387 0.569641
vt 0.220686 0.671710
vt 0.220944 0.572297
vt 0.181703 0.672228
vt 0.181694 0.573797
vt 0.142452 0.673728
vt 0.182113 0.714686
vt 0.144347 0.716780
vt 0.142711 0.574314
vt 0.068536 0.726466
vt 0.031535 0.738288
vt 0.426767 0.612909
vt 0.396796 0.612909
vt 0.375603 0.591716
vt 0.375603 0.561745
vt 0.396796 0.540552
vt 0.426767 0.540552
vt 0.447960 0.561745
vt 0.447960 0.591716
vt 0.375603 0.634202
vt 0.396796 0.613009
vt 0.426767 0.613009
vt 0.447960 0.634202
vt 0.447960 0.664173
vt 0.426767 0.685366
vt 0.396795 0.685366
vt 0.375603 0.664173
vt 0.219050 0.529245
vt 0.256983 0.525743
vt 0.256719 0.714190
vt 0.219603 0.713671
vt 0.294861 0.519559
vt 0.331861 0.507736
vt 0.106678 0.531835
vt 0.143794 0.532353
vt 0.070058 0.528106
vt 0.328300 0.729244
vt 0.293339 0.717918
vt 0.106414 0.720281
vt 0.181284 0.531339
vt 0.035096 0.516781
vt 0.409298 0.832976
vt 0.447173 0.832976
vt 0.447173 0.837599
vt 0.409298 0.837599
vt 0.022817 0.818773
vt 0.361033 0.818773
vt 0.361065 0.824676
vt 0.022849 0.824676
vt 0.361065 0.818675
vt 0.022849 0.818675
vt 0.022817 0.812772
vt 0.361033 0.812771
vt 0.074892 0.787559
vt 0.020670 0.764128
vt 0.050428 0.740697
vt 0.482258 0.740698
vt 0.482258 0.810990
vt 0.050427 0.810990
vt 0.386648 0.832878
vt 0.316355 0.832878
vt 0.316355 0.828254
vt 0.386648 0.828254
vt 0.316355 0.832976
vt 0.350230 0.832976
vt 0.350230 0.837600
vt 0.316355 0.837600
vt 0.000169 0.888902
vt 0.999582 0.888902
vt 0.999644 0.906345
vt 0.000231 0.906345
vt 0.999706 0.923789
vt 0.000294 0.923789
vt 0.999768 0.941233
vt 0.000356 0.941233
vt 0.999831 0.958677
vt 0.000418 0.958676
vt 0.999893 0.976120
vt 0.000481 0.976120
vt 0.999955 0.993564
vt 0.000543 0.993564
vt 0.936828 0.853925
vt 0.926013 0.843109
vt 0.926013 0.827814
vt 0.936828 0.816998
vt 0.952124 0.816998
vt 0.962939 0.827814
vt 0.962939 0.843109
vt 0.952124 0.853925
vt 0.000107 0.871458
vt 0.999519 0.871458
vt 0.000045 0.854014
vt 0.999457 0.854014
vt 0.973844 0.816998
vt 0.989140 0.816998
vt 0.999955 0.827814
vt 0.999955 0.843109
vt 0.989140 0.853925
vt 0.973844 0.853925
vt 0.963029 0.843109
vt 0.963029 0.827814
vt 0.772055 0.728474
vt 0.982725 0.728474
vt 0.982725 0.802744
vt 0.772055 0.802744
vt 0.772055 0.514568
vt 0.982725 0.514568
vt 0.982725 0.587467
vt 0.772055 0.587467
vt 0.154350 0.131826
vt 0.154350 0.013100
vt 0.199784 0.013100
vt 0.199784 0.131826
vt 0.245219 0.013100
vt 0.245219 0.131826
vt 0.290654 0.013100
vt 0.290654 0.131826
vt 0.336088 0.013100
vt 0.336088 0.131826
vt 0.381523 0.013100
vt 0.381523 0.131826
vt 0.018046 0.131826
vt 0.018046 0.013100
vt 0.063481 0.013100
vt 0.063481 0.131826
vt 0.205382 0.241601
vt 0.159947 0.241601
vt 0.127820 0.209474
vt 0.127820 0.164039
vt 0.159947 0.131912
vt 0.205382 0.131912
vt 0.237509 0.164039
vt 0.237509 0.209474
vt 0.108915 0.131826
vt 0.108915 0.013100
vt 0.050173 0.131912
vt 0.095608 0.131912
vt 0.127735 0.164039
vt 0.127735 0.209474
vt 0.095608 0.241601
vt 0.050173 0.241601
vt 0.018046 0.209473
vt 0.018046 0.164039
vt 0.250043 0.250044
vt 0.500000 0.250043
vt 0.500000 0.500000
vt 0.250043 0.500000
vt 0.999913 0.250043
vt 0.999913 0.500000
vt 0.749957 0.500000
vt 0.749957 0.250043
vt 0.500000 0.000087
vt 0.749956 0.000087
vt 0.749957 0.749957
vt 0.500000 0.749957
vt 0.000087 0.250044
vt 0.000087 0.500000
vn -0.507300 -0.852400 -0.126500
vn 0.129400 -0.949100 0.287000
vn 0.690400 -0.489900 0.532400
vn 0.846900 0.256400 0.465900
vn 0.507300 0.852400 0.126500
vn -0.129400 0.949100 -0.287000
vn -0.363600 0.344800 -0.865400
vn -0.846900 -0.256400 -0.465900
vn -0.690400 0.489900 -0.532400
vn 0.358400 -0.922400 -0.143800
vn 0.515800 -0.182800 -0.837000
vn -0.515800 0.182800 0.837000
vn 0.202400 0.837300 0.508000
vn 0.691100 0.664100 -0.285200
vn 0.363600 -0.344800 0.865400
vn -0.990200 -0.139200 -0.013600
vn -0.691100 -0.664100 0.285200
vn 0.852300 -0.518000 0.072200
vn -0.501400 -0.312400 -0.806900
vn -0.202400 -0.837300 -0.508000
vn -0.358400 0.922400 0.143800
vn 0.130400 0.749200 -0.649400
vn 0.501400 0.312400 0.806900
vn 0.990200 0.139200 0.013600
vn -0.130400 -0.749200 0.649400
vn -0.852300 0.518000 -0.072200
vn -0.460000 -0.000000 0.887900
vn -0.910700 0.000000 0.413000
vn 0.910700 -0.000000 -0.413000
vn -0.000000 -1.000000 0.000000
vn -0.413000 0.000000 -0.910700
vn 0.000000 1.000000 -0.000000
vn -0.372000 -0.000000 0.928200
vn 0.999800 0.000000 -0.017900
vn -0.679500 -0.093600 -0.727700
vn -0.274700 0.553400 -0.786300
vn 0.291000 0.876100 -0.384300
vn 0.686200 0.685700 0.242800
vn 0.679500 0.093600 0.727700
vn 0.274700 -0.553400 0.786300
vn -0.673500 0.472900 0.568100
vn -0.686200 -0.685700 -0.242800
vn -0.291000 -0.876100 0.384300
vn 0.673500 -0.472900 -0.568100
vn -0.011200 0.990700 0.135800
vn 0.100600 0.987800 0.118800
vn 0.365800 0.927900 0.071600
vn 0.510600 -0.831500 -0.219100
vn 0.745200 -0.227700 -0.626800
vn 0.543300 0.509400 -0.667300
vn 0.023100 0.948200 -0.316900
vn -0.510600 0.831500 0.219100
vn -0.745200 0.227700 0.626800
vn -0.666500 -0.221700 -0.711800
vn -0.023100 -0.948200 0.316900
vn -0.543300 -0.509400 0.667300
vn 0.666500 0.221700 0.711800
vn -0.637100 -0.696100 -0.331000
vn 0.637100 0.696100 0.331000
vn 0.027700 0.408500 -0.912300
vn 0.770300 -0.590400 -0.241000
vn -0.027700 -0.408500 0.912300
vn -0.770300 0.590400 0.241000
vn 0.315200 -0.786700 -0.530800
vn 0.767800 -0.637100 0.068000
vn 0.770600 -0.114300 0.626900
vn 0.322100 0.475500 0.818700
vn -0.315200 0.786700 0.530800
vn -0.767800 0.637100 -0.068000
vn -0.416200 0.388100 -0.822300
vn -0.322100 -0.475500 -0.818700
vn -0.770600 0.114300 -0.626900
vn 0.938600 -0.273600 -0.210300
vn 0.553900 0.606700 -0.570200
vn -0.553900 -0.606700 0.570200
vn -0.540000 0.405300 0.737600
vn -0.015100 0.980200 0.197300
vn 0.416200 -0.388100 0.822300
vn -0.546100 -0.706100 -0.450700
vn 0.015100 -0.980200 -0.197300
vn 0.941100 0.186800 0.281900
vn -0.021200 -0.131200 -0.991100
vn 0.540000 -0.405300 -0.737600
vn -0.938600 0.273600 0.210300
vn -0.413600 0.848500 -0.330100
vn 0.021200 0.131200 0.991100
vn 0.546100 0.706100 0.450700
vn 0.413600 -0.848500 0.330000
vn -0.941100 -0.186800 -0.281900
vn -0.385400 -0.707800 0.592000
vn -0.637600 -0.770300 -0.008900
vn 0.637600 0.770300 0.008900
vn 0.747400 -0.615700 -0.249600
vn -0.186800 0.165800 -0.968300
vn -0.747400 0.615700 0.249600
vn -0.331200 -0.671000 0.663400
vn 0.659400 0.641400 0.392300
vn -0.309200 -0.146400 -0.939700
vn -0.521000 0.535700 -0.664500
vn -0.427600 0.904000 -0.000100
vn -0.083700 0.742700 0.664400
vn 0.309200 0.146400 0.939600
vn 0.521000 -0.535700 0.664500
vn -0.849400 -0.401800 0.342100
vn 0.083700 -0.742700 -0.664300
vn 0.427600 -0.904000 0.000100
vn 0.849400 0.401800 -0.342100
vn -0.286800 0.956800 0.048700
vn -0.179500 0.980800 0.075600
vn 0.089500 0.986600 0.136600
vn 0.977700 -0.085900 -0.191600
vn 0.718800 0.625600 -0.303200
vn 0.038800 0.970700 -0.237200
vn -0.663900 0.747100 -0.032200
vn -0.977700 0.085900 0.191600
vn -0.718800 -0.625600 0.303200
vn -0.206400 -0.224500 -0.952400
vn 0.663900 -0.747100 0.032200
vn -0.038800 -0.970700 0.237200
vn 0.206400 0.224500 0.952400
vn 0.132000 -0.676600 -0.724400
vn -0.132000 0.676600 0.724400
vn -0.202000 0.697100 -0.687900
vn 0.970400 0.237200 -0.044700
vn 0.202000 -0.697100 0.687900
vn -0.970400 -0.237200 0.044700
vn 0.232600 -0.656300 -0.717800
vn -0.224400 -0.957200 -0.182600
vn -0.549900 -0.697500 0.459500
vn -0.553300 -0.029100 0.832500
vn -0.232600 0.656300 0.717800
vn 0.224400 0.957200 0.182600
vn 0.864300 0.477800 -0.156800
vn 0.553300 0.029100 -0.832500
vn 0.549900 0.697500 -0.459500
vn 0.182500 -0.979300 0.087000
vn 0.802200 -0.287800 0.523100
vn -0.802200 0.287800 -0.523100
vn -0.584900 0.714300 0.384200
vn 0.175300 0.441500 0.879900
vn -0.864300 -0.477800 0.156800
vn 0.107100 0.162000 -0.981000
vn -0.175300 -0.441500 -0.880000
vn -0.104100 -0.750600 0.652500
vn 0.867300 -0.110700 -0.485200
vn 0.584900 -0.714300 -0.384200
vn -0.182500 0.979300 -0.087000
vn 0.577700 0.706600 0.408700
vn -0.867300 0.110700 0.485200
vn -0.107100 -0.162000 0.981000
vn -0.577700 -0.706600 -0.408700
vn 0.104100 0.750600 -0.652500
vn -0.843600 0.094500 -0.528500
vn -0.334000 0.250900 -0.908600
vn 0.334000 -0.250900 0.908600
vn 0.075500 -0.953700 -0.291100
vn 0.939500 0.165900 -0.299600
vn -0.075500 0.953700 0.291200
vn -0.891100 0.066500 -0.448900
vn -0.066100 -0.296100 0.952900
vn 0.787100 0.147100 -0.599000
vn 0.762500 0.646700 -0.019700
vn 0.291300 0.767400 0.571200
vn -0.350600 0.438600 0.827500
vn -0.787100 -0.147100 0.599000
vn -0.762500 -0.646700 0.019700
vn -0.543700 0.624100 -0.561100
vn 0.350600 -0.438600 -0.827500
vn -0.291300 -0.767400 -0.571200
vn 0.543700 -0.624100 0.561100
vn -0.208800 0.941700 0.263900
vn -0.201100 0.906500 0.371200
vn -0.171900 0.772900 0.610800
vn 0.237700 -0.934200 0.266000
vn 0.577500 -0.408800 0.706700
vn 0.579000 0.356100 0.733400
vn 0.241300 0.912400 0.330500
vn -0.237700 0.934200 -0.266000
vn -0.577500 0.408800 -0.706700
vn 0.779900 0.020300 -0.625600
vn -0.241300 -0.912400 -0.330500
vn -0.579000 -0.356100 -0.733400
vn -0.779900 -0.020300 0.625600
vn 0.434900 -0.458900 -0.774800
vn -0.434900 0.458900 0.774800
vn 0.873300 0.424600 0.238700
vn 0.219400 -0.780500 0.585400
vn -0.873300 -0.424600 -0.238700
vn -0.219400 0.780500 -0.585400
vn 0.560400 -0.818700 0.125100
vn -0.083800 -0.838900 0.537800
vn -0.678900 -0.367700 0.635500
vn -0.876400 0.318900 0.360900
vn -0.560400 0.818700 -0.125100
vn 0.083800 0.838900 -0.537800
vn 0.822600 0.532800 -0.198600
vn 0.876400 -0.318900 -0.360900
vn 0.678900 0.367700 -0.635500
vn 0.150900 -0.529700 0.834600
vn 0.474300 0.441100 0.761900
vn -0.474300 -0.441100 -0.761900
vn -0.718300 0.512000 -0.471200
vn -0.268800 0.930000 0.250900
vn -0.822600 -0.532800 0.198600
vn 0.547000 -0.489900 -0.678800
vn 0.268800 -0.930000 -0.250900
vn -0.373100 -0.114800 0.920600
vn 0.996500 -0.071900 0.043200
vn 0.718300 -0.512000 0.471200
vn -0.150900 0.529700 -0.834600
vn 0.298500 0.947700 -0.112600
vn -0.996500 0.071900 -0.043200
vn -0.547000 0.489900 0.678800
vn -0.298500 -0.947700 0.112600
vn 0.373100 0.114800 -0.920600
vn -0.502500 -0.588600 -0.633300
vn 0.120500 -0.544800 -0.829800
vn -0.120500 0.544800 0.829900
vn 0.231800 -0.797400 0.557200
vn 0.965300 0.259600 -0.030300
vn -0.231800 0.797400 -0.557200
vn -0.580600 -0.573000 -0.578400
vn -0.493500 0.397200 0.773800
vn 0.970600 -0.003200 -0.240500
vn 0.663500 0.697200 -0.271600
vn -0.032300 0.989100 -0.143500
vn -0.709200 0.701700 0.068600
vn -0.970600 0.003200 0.240500
vn -0.663500 -0.697200 0.271600
vn -0.238400 -0.147100 -0.960000
vn 0.709200 -0.701700 -0.068600
vn 0.032300 -0.989100 0.143500
vn 0.238400 0.147100 0.960000
vn -0.096600 0.995300 0.000800
vn -0.134100 0.985200 0.107100
vn -0.217800 0.907800 0.358400
vn 0.114900 -0.363300 0.924600
vn 0.193800 0.397500 0.896900
vn 0.159100 0.925500 0.343800
vn 0.031300 0.911300 -0.410600
vn -0.114900 0.363300 -0.924600
vn -0.193800 -0.397500 -0.896900
vn 0.980600 -0.107600 -0.164100
vn -0.031300 -0.911300 0.410600
vn -0.159100 -0.925500 -0.343800
vn -0.980600 0.107600 0.164100
vn 0.759800 -0.650100 0.002700
vn -0.759800 0.650100 -0.002700
vn 0.647800 0.757400 0.081200
vn -0.054900 -0.060000 0.996700
vn -0.647800 -0.757400 -0.081200
vn 0.054900 0.060000 -0.996700
vn 0.750900 -0.656300 0.073900
vn 0.130500 -0.957200 -0.258200
vn -0.566400 -0.697500 -0.439000
vn -0.931400 -0.029100 -0.362700
vn -0.750900 0.656300 -0.073900
vn -0.130500 0.957200 0.258200
vn 0.337800 0.477800 0.810900
vn 0.931400 0.029100 0.362700
vn 0.566400 0.697500 0.439000
vn -0.046000 -0.979300 0.196900
vn -0.339700 -0.287800 0.895400
vn 0.339700 0.287800 -0.895400
vn -0.500300 0.714300 -0.489400
vn -0.822200 0.441500 0.359200
vn -0.337800 -0.477800 -0.810900
vn 0.981200 0.162000 -0.104900
vn 0.822200 -0.441500 -0.359200
vn -0.659700 -0.750600 0.037700
vn 0.659300 -0.110700 0.743700
vn 0.500300 -0.714300 0.489400
vn 0.046000 0.979300 -0.196900
vn -0.275900 0.706600 0.651600
vn -0.659300 0.110700 -0.743700
vn -0.981200 -0.162000 0.104900
vn 0.275900 -0.706600 -0.651600
vn 0.659700 0.750600 -0.037700
vn 0.336100 0.094600 -0.937100
vn 0.816200 0.251000 -0.520300
vn -0.816300 -0.250900 0.520300
vn 0.300600 -0.953700 0.011600
vn 0.493300 0.165800 0.853900
vn -0.300600 0.953700 -0.011600
vn 0.248300 0.066400 -0.966400
vn -0.945000 -0.296100 0.138900
vn 0.753300 0.147100 0.641000
vn 0.182100 0.646700 0.740700
vn -0.495800 0.767400 0.406600
vn -0.883300 0.438600 -0.165700
vn -0.753300 -0.147200 -0.641000
vn -0.182100 -0.646600 -0.740700
vn 0.432100 0.624100 -0.651000
vn 0.883300 -0.438600 0.165800
vn 0.495800 -0.767400 -0.406600
vn -0.432100 -0.624100 0.651000
vn -0.302400 0.941700 -0.147600
vn -0.405600 0.906500 -0.117200
vn -0.633400 0.772900 -0.037500
vn -0.209100 -0.934200 0.289000
vn -0.567000 -0.408800 0.715100
vn -0.592800 0.356100 0.722300
vn -0.271400 0.912400 0.306400
vn 0.209100 0.934200 -0.289000
vn 0.567000 0.408800 -0.715100
vn 0.777700 0.020300 0.628300
vn 0.271400 -0.912400 -0.306400
vn 0.592800 -0.356100 -0.722300
vn -0.777700 -0.020300 -0.628300
vn 0.849800 -0.458900 0.259400
vn -0.849800 0.458900 -0.259400
vn -0.046700 0.424600 0.904200
vn -0.525100 -0.780500 0.339400
vn 0.046700 -0.424600 -0.904200
vn 0.525100 0.780500 -0.339400
vn -0.002500 -0.818700 0.574200
vn -0.543300 -0.838900 0.033000
vn -0.765900 -0.367700 -0.527500
vn -0.539800 0.318900 -0.779100
vn 0.002500 0.818700 -0.574200
vn 0.543300 0.838900 -0.033000
vn 0.369700 0.532800 0.761200
vn 0.539800 -0.318900 0.779100
vn 0.765900 0.367700 0.527500
vn -0.783100 -0.529700 0.325700
vn -0.643000 0.441100 0.626100
vn 0.643000 -0.441100 -0.626100
vn 0.306900 0.512000 -0.802300
vn -0.302500 0.930000 -0.209000
vn -0.369700 -0.532800 -0.761200
vn 0.780000 -0.489900 0.389400
vn 0.302500 -0.930000 0.209000
vn -0.979100 -0.114800 -0.167900
vn 0.170600 -0.071900 0.982700
vn -0.306900 -0.512000 0.802300
vn 0.783100 0.529700 -0.325700
vn 0.173800 0.947700 0.267600
vn -0.170600 0.071900 -0.982700
vn -0.780000 0.489900 -0.389400
vn -0.173800 -0.947700 -0.267600
vn 0.979100 0.114800 0.167900
vn 0.511300 -0.588700 -0.626100
vn 0.836400 -0.544900 -0.059500
vn -0.836400 0.544800 0.059500
vn -0.494800 -0.797400 0.345500
vn 0.235700 0.259500 0.936500
vn 0.494800 0.797400 -0.345500
vn 0.441000 -0.573000 -0.690800
vn -0.861300 0.397200 -0.316900
vn 0.442300 -0.003200 0.896900
vn 0.407000 0.697200 0.590200
vn 0.133300 0.989100 -0.062200
vn -0.218500 0.701700 -0.678200
vn -0.442300 0.003200 -0.896900
vn -0.407000 -0.697200 -0.590200
vn 0.886900 -0.147100 -0.437900
vn 0.218500 -0.701700 0.678200
vn -0.133300 -0.989100 0.062200
vn -0.886900 0.147100 0.437900
vn -0.021400 0.995300 -0.094200
vn -0.133200 0.985200 -0.108200
vn -0.396600 0.907800 -0.136200
vn -0.878700 -0.363300 0.309700
vn -0.834800 0.397500 0.380800
vn -0.301900 0.925500 0.228900
vn 0.407800 0.911300 -0.057200
vn 0.878700 0.363300 -0.309700
vn 0.834800 -0.397500 -0.380800
vn 0.369800 -0.107600 0.922900
vn -0.407800 -0.911300 0.057200
vn 0.301900 -0.925500 -0.228900
vn -0.369800 0.107600 -0.922900
vn 0.159600 -0.650100 0.742900
vn -0.159600 0.650100 -0.742900
vn 0.059000 0.757400 0.650200
vn -0.985400 -0.060000 0.159200
vn -0.059000 -0.757400 -0.650200
vn 0.985400 0.060000 -0.159200
vn 0.974700 0.094500 -0.202700
vn 0.870000 0.251000 0.424300
vn -0.870000 -0.251000 -0.424300
vn 0.147100 -0.953700 0.262400
vn -0.470500 0.165800 0.866700
vn -0.147100 0.953700 -0.262400
vn 0.953800 0.066400 -0.293000
vn -0.612000 -0.296100 -0.733300
vn -0.838000 -0.538900 -0.086300
vn -0.580900 -0.510400 0.634000
vn 0.016400 -0.182900 0.983000
vn 0.604100 0.251700 0.756100
vn 0.838000 0.538900 0.086300
vn 0.580900 0.510400 -0.634000
vn 0.244000 -0.228500 -0.942500
vn -0.604100 -0.251700 -0.756100
vn -0.016400 0.182900 -0.983000
vn -0.253100 -0.839100 0.481500
vn 0.545500 -0.822300 -0.162100
vn -0.545500 0.822300 0.162100
vn 0.479400 0.864200 0.152800
vn 0.996400 0.084900 -0.000800
vn -0.244000 0.228500 0.942500
vn -0.790500 0.168000 -0.589000
vn -0.996400 -0.084900 0.000800
vn 0.272900 -0.550700 0.788800
vn -0.273500 -0.611200 -0.742700
vn -0.479400 -0.864200 -0.152800
vn 0.253100 0.839100 -0.481500
vn 0.770100 0.059800 -0.635200
vn 0.273500 0.611300 0.742700
vn 0.790500 -0.168000 0.589000
vn -0.770100 -0.059800 0.635200
vn -0.272900 0.550700 -0.788800
vn -0.268700 -0.934200 -0.234600
vn -0.660300 -0.408800 -0.630000
vn -0.665100 0.356100 -0.656400
vn -0.280300 0.912400 -0.298200
vn 0.268700 0.934200 0.234600
vn 0.660300 0.408800 0.630000
vn -0.696700 0.020300 0.717000
vn 0.280300 -0.912400 0.298200
vn 0.665100 -0.356100 0.656400
vn 0.696700 -0.020300 -0.717000
vn 0.000000 -0.382700 -0.923900
vn 0.000000 -0.923900 -0.382700
vn 0.000000 -0.923900 0.382700
vn 0.000000 -0.382700 0.923900
vn -0.000000 0.382700 0.923900
vn -0.000000 0.923900 0.382700
vn 0.473800 0.813600 -0.337000
vn 0.000000 0.382700 -0.923900
vn -0.000000 0.923900 -0.382700
vn 0.473800 -0.813600 -0.337000
vn 1.000000 0.000000 -0.000000
vn -1.000000 0.000000 0.000000
vn -0.473800 0.337000 0.813600
vn 0.473800 0.337000 0.813600
vn -0.473800 -0.813600 0.337000
vn -0.473800 0.337000 -0.813600
vn -0.473800 -0.337000 -0.813600
vn 0.473800 -0.813600 0.337000
vn 0.473800 0.337000 -0.813600
vn 0.473800 -0.337000 -0.813600
vn -0.473800 0.813600 0.337000
vn 0.473800 0.813600 0.337000
vn -0.473800 -0.337000 0.813600
vn 0.473800 -0.337000 0.813600
vn -0.473800 -0.813600 -0.337000
vn -0.473800 0.813600 -0.337000
vn -0.278900 0.000000 -0.960300
vn 0.375000 -0.000000 -0.927000
vn -0.375000 0.000000 0.927000
vn 0.927000 0.000000 0.375000
vn -0.370400 -0.000000 -0.928900
vn -0.711900 0.000000 0.702300
vn 0.577900 0.180600 -0.795900
vn 0.641500 0.722100 -0.258800
vn 0.329400 0.840600 0.429900
vn -0.175700 0.466700 0.866800
vn -0.577900 -0.180600 0.795900
vn -0.641600 -0.722100 0.258800
vn -0.746700 0.510600 -0.426300
vn 0.175700 -0.466700 -0.866800
vn -0.329400 -0.840600 -0.429900
vn 0.746700 -0.510600 0.426300
vn -0.000000 0.976000 -0.217800
vn -0.000000 0.994300 -0.106200
vn -0.000000 0.985500 0.169600
vn 0.632800 -0.590000 -0.501500
vn 0.994300 -0.100300 -0.037400
vn 0.773300 0.448100 0.448600
vn 0.099300 0.734000 0.671800
vn -0.632800 0.590000 0.501500
vn -0.994300 0.100300 0.037400
vn 0.040000 0.671700 -0.739800
vn -0.099300 -0.734000 -0.671800
vn -0.773300 -0.448100 -0.448600
vn -0.040000 -0.671700 0.739800
vn -0.064200 -0.937000 0.343300
vn 0.064200 0.937000 -0.343300
vn 0.858200 0.123800 0.498200
vn -0.509400 0.326600 0.796200
vn -0.858200 -0.123800 -0.498200
